0.715776
0.707584
0.929792
0.88576
0.934784
0.9248
1.00368
1.08749
1.05984
1.04038
1.23494
1.31174
1.41824
1.44899
1.50733
1.54419
1.71725
1.76845
1.80122
1.88006
1.96096
2.048
2.19853
2.15958
2.23949
2.29069
2.21901
2.34291
2.3296
2.34496
2.44531
2.50061
2.57229
2.61427
2.66035
2.67882
2.62963
2.66138
2.72077
2.7105
2.74019
2.78118
2.81293
2.81293
2.87334
2.86515
2.86714
2.86208
2.90611
2.88358
2.8519
2.89485
2.95834
2.90611
2.95117
2.91942
2.94502
2.90509
2.93786
2.94502
2.94605
2.93568
2.94906
2.90611
2.92451
2.93888
2.9184
3.00646
2.92646
2.91123
2.88246
2.86525
2.9225
2.91226
3.02794
2.89075
2.86618
2.87334
2.82112
2.85491
2.81914
2.83341
2.74227
2.77811
2.73715
2.68288
2.67162
2.70746
2.63066
2.65926
2.55386
2.57632
2.54669
2.47296
2.52621
2.52314
2.47808
2.37773
2.44429
2.33574
0.715776
0.761856
0.84992
0.923776
0.862208
0.949248
0.987136
1.17552
1.08339
1.07008
1.24925
1.26573
1.42131
1.4807
1.50928
1.62509
1.58102
1.62202
1.7408
1.87699
2.01933
2.04403
2.05926
2.08384
2.22822
2.33984
2.25485
2.24256
2.37363
2.38592
2.40333
2.57536
2.48422
2.65728
2.65728
2.70234
2.62758
2.63168
2.7177
2.71053
2.74125
2.75968
2.77709
2.82317
2.84774
2.89382
2.84458
2.88256
2.90816
2.89696
2.88051
2.83149
2.91123
2.95834
2.9481
2.88154
2.92147
2.92966
2.92547
2.91533
2.94605
2.93786
2.9553
2.9399
2.92762
3.03309
2.90294
3.08941
2.92966
2.95114
2.89478
2.86003
3.16211
2.90509
2.91226
2.85389
2.85082
2.83034
2.81088
2.85184
2.81088
2.82624
2.7311
2.78835
2.73306
2.71053
2.61325
2.72179
2.59686
2.65728
2.55078
2.5856
2.54259
2.46579
2.52816
2.52314
2.48525
2.46374
2.4576
2.34493
2.38592
2.35418
2.26202
2.19238
2.16378
2.21178
2.12582
2.15552
2.17498
1.98451
2.14829
2.04186
2.08998
2.12173
2.11149
2.05613
1.99782
1.99987
1.9712
2.18224
1.98042
1.93946
1.8729
1.99168
1.97734
1.9159
1.90464
1.86256
2.04083
1.98144
2.10739
2.00192
1.83296
1.86381
1.84525
1.85242
1.83706
1.7111
1.80531
1.84013
1.74781
1.68234
1.73978
1.63328
1.55238
1.64864
1.4839
1.4777
1.46022
1.4521
1.44077
1.4121
1.26771
1.16845
1.152
1.18477
1.09568
1.05779
1.08442
1.1049
0.979968
0.958464
1.0752
0.971776
0.891904
0.864224
0.883712
0.869376
0.86016
0.84992
0.827392
0.830464
0.815008
0.864256
0.882688
0.85904
0.782336
0.809984
0.845824
0.898048
0.862208
0.827392
0.868352
0.945152
0.889856
0.933888
0.94208
0.960512
1.00864
1.00762
1.03322
1.06086
1.08544
1.06083
1.09158
1.14381
1.12742
1.16224
1.26669
1.31072
1.37933
1.38349
1.43565
1.41517
1.38445
1.45101
1.49606
1.45818
1.51552
1.5401
1.56995
1.55034
1.62304
1.71418
1.74285
1.8688
1.88109
1.84518
1.92614
1.99059
2.02854
2.15552
2.11968
2.2272
2.18522
2.25075
2.37875
2.32346
2.37978
2.50275
2.57741
2.57741
2.65226
2.60096
2.73597
2.768
2.7575
2.79757
2.94195
2.88051
2.97267
2.97171
3.03718
3.01155
3.05562
3.09658
3.04128
3.11085
3.06778
3.05139
3.11603
3.10374
3.04438
3.13344
3.10477
3.07712
3.08736
3.13549
3.11706
2.93376
3.07405
3.0761
3.04845
3.0761
3.04845
3.04227
3.00032
3.0167
2.89178
2.87546
3.1129
2.88666
2.88666
3.05654
2.93888
3.0935
3.01773
3.10989
2.8969
2.8887
3.02387
3.13037
2.94605
3.072
3.09146
2.91642
2.90714
3.05859
3.02899
2.94195
3.00544
2.89894
3.02797
3.00339
2.98394
2.93376
2.87232
2.93888
2.89178
2.92045
2.77494
2.75251
2.85594
2.816
2.79958
2.7863
2.63885
2.74125
2.86208
2.6543
2.71872
2.67888
2.75456
2.66957
2.57536
2.63578
2.63667
2.68186
2.60198
2.55898
2.69107
2.67981
2.63168
2.72992
2.60099
2.66445
2.59485
2.6624
2.65523
2.51904
2.57638
2.6368
2.62144
2.61427
2.66138
2.70234
2.56624
2.65331
2.5712
2.54362
2.52826
2.62246
2.5303
2.54362
2.60915
2.54758
2.5047
2.45338
2.49344
2.53949
2.59277
2.48624
2.41254
2.45555
2.47501
2.47398
2.45862
2.47501
2.46477
2.50368
2.49344
2.51699
2.55283
2.5856
2.62144
2.60928
2.65517
2.66547
2.70742
2.93776
2.68698
2.71053
2.69926
2.70643
2.69632
2.72998
2.71757
2.7136
2.72989
2.74842
2.72486
2.78733
2.73306
2.79034
2.79149
2.75354
2.7689
2.75866
2.7648
2.75558
2.74227
2.78733
2.77299
2.74022
2.79962
2.75357
2.83341
2.80064
2.79245
2.81702
