23.6227
26.3403
25.4618
28.5819
30.2735
30.8962
33.4355
34.2344
37.4958
37.9299
40.6016
46.0001
47.9191
51.9383
54.0211
56.1367
58.3332
61.1604
63.4716
64.7484
66.222
68.48
71.3882
73.8427
76.074
74.5226
77.7483
70.8055
71.7404
72.8412
73.47
75.7289
78.4435
79.6201
79.1615
78.5969
80.2673
79.9416
81.3435
82.5549
83.9977
82.9635
83.8461
85.0903
84.8916
84.903
84.4892
84.8733
85.7979
86.187
86.4707
86.5546
87.0554
85.8122
86.3272
87.1301
87.5049
86.6784
86.8845
86.8915
86.0334
86.7101
88.3528
86.4932
87.2919
86.9806
86.9888
87.8561
86.4175
87.2541
86.9949
86.3345
86.2698
86.8392
86.7881
85.4905
85.6709
85.3434
85.6247
85.7201
86.875
85.6504
85.0565
83.1835
84.1574
82.2129
83.8431
80.6513
82.4371
78.4568
79.8157
79.2361
75.7012
77.9314
75.8262
76.6165
74.4981
75.4596
74.1345
73.8857
22.8986
26.0045
26.1222
27.434
30.3544
32.2939
34.4269
34.7648
37.2654
37.6782
40.7296
44.2767
47.3969
52.1267
53.4036
56.3487
58.156
59.7074
64.0195
63.5515
64.7332
67.0188
73.1484
71.9032
73.2221
73.9615
73.4792
73.8253
76.5225
71.6411
74.0168
75.3838
76.9106
79.2564
77.4871
78.1998
79.1542
81.0045
81.9988
80.8499
82.6388
83.2287
83.3536
84.5394
83.7047
85.1925
84.4595
84.5856
85.0186
86.3201
86.0774
86.697
85.8706
86.0417
85.3238
85.6699
86.9181
86.4348
87.2069
85.931
86.5147
85.1333
87.764
87.2211
85.9873
85.9392
86.2822
86.1501
86.614
85.674
86.488
86.101
85.7917
86.3969
86.0181
86.0221
86.0641
84.0479
84.7462
83.1887
85.6914
83.6145
83.925
83.582
83.965
81.1878
82.1289
79.829
79.5556
79.1173
80.343
78.8849
76.3383
78.4691
76.4028
76.5757
74.6372
75.1708
73.3983
72.3321
72.4071
70.571
75.7658
76.5757
75.2445
76.8266
77.6756
77.5291
75.4381
68.3162
68.9132
68.8056
69.0965
68.9736
68.0335
70.8649
68.8978
68.4298
71.0646
74.8749
66.7249
64.7598
64.2642
65.6466
66.2303
67.2492
70.7011
69.3555
69.8429
67.6291
66.1647
66.7075
66.1134
65.0465
65.7551
65.2914
64.8253
62.5756
61.8025
57.1586
57.685
58.2246
55.2581
53.7293
51.5461
50.4207
50.6378
50.1381
48.1884
44.8032
45.2055
44.6505
41.5437
41.5478
41.1535
38.7012
38.6641
37.0308
36.7933
36.6049
35.8851
35.6526
34.2292
32.8858
31.2124
31.103
31.2924
29.8158
29.3796
29.9039
29.8291
30.0513
30.0677
28.034
29.2936
29.3683
28.8686
29.2238
29.2638
28.9546
29.098
28.8102
29.7073
29.1031
30.8746
33.4633
33.4592
33.8748
33.7428
34.0787
35.2041
35.33
37.3535
38.1245
37.3064
37.3176
39.0513
39.4691
40.3149
41.6358
42.2707
44.3125
45.6704
45.697
45.8342
48.382
48.9912
50.652
51.0208
54.0436
55.8858
54.6662
58.1939
61.2772
62.6576
65.2554
65.1889
66.9788
70.8987
73.1525
75.6449
74.5185
71.4086
73.472
74.4837
73.2099
74.0075
78.8562
85.8941
85.844
87.1927
90.1693
78.5377
78.6197
81.6763
82.9215
83.8339
85.0401
86.9765
87.8848
89.467
90.1448
90.4899
91.1718
91.9941
92.033
92.5829
91.5588
92.8615
92.6126
92.2808
92.1661
93.5557
92.5256
93.0253
92.7765
92.7672
92.459
93.8445
92.1958
93.0468
92.5461
93.1727
92.7887
92.5787
92.031
92.9853
93.2198
92.2143
93.4318
92.5522
94.0462
93.5004
93.3745
92.8903
92.2726
92.6249
92.5921
92.3146
92.8747
92.6597
91.093
91.1781
91.1175
91.2855
91.7381
91.7729
92.0607
91.0673
91.8323
91.5375
90.0946
91.5651
90.0096
90.4786
90.1806
90.5339
89.1535
90.2298
89.6215
89.1483
88.7409
88.4827
87.0851
87.2253
86.9018
86.7164
86.4522
86.1032
86.781
87.5059
85.5532
87.0687
85.42
86.5751
87.0472
86.229
85.5101
85.1712
86.5536
85.7077
86.0211
86.9416
86.7267
85.8511
87.8438
87.8203
87.3644
86.8475
87.3482
86.4317
86.7523
87.0646
86.9908
86.6447
86.5147
87.4445
87.511
87.121
87.425
87.8559
87.2673
87.0011
86.5853
86.4891
87.7884
86.9417
86.5792
86.952
87.2673
87.5295
87.4925
87.2182
88.7132
88.6077
88.49
88.9099
89.1791
89.0552
90.0291
89.9246
90.0393
90.5656
91.2731
91.5784
92.6331
92.1631
92.6771
92.9936
93.0529
93.397
92.9248
92.8707
107.929
108.645
107.654
108.269
108.304
107.79
108.677
108.643
108.696
105.793
106.108
93.4195
93.4543
93.4668
94.1107
93.7462
94.003
94.0125
93.8578
94.1384
93.8977
93.91
93.9663
93.6448
94.2162
94.081
94.3556
